SentryBand -- Real-Data Threshold Sweep
=============================================
 fall_thr  heart_thr   accuracy
     0.20       0.20      0.545
     0.20       0.30      0.645
     0.20       0.40      0.655
     0.20       0.50      0.670
     0.20       0.60      0.645
     0.20       0.70      0.590
     0.20       0.80      0.580
     0.30       0.20      0.570
     0.30       0.30      0.665
     0.30       0.40      0.675
     0.30       0.50      0.690
     0.30       0.60      0.665
     0.30       0.70      0.610
     0.30       0.80      0.595
     0.40       0.20      0.585
     0.40       0.30      0.685
     0.40       0.40      0.695
     0.40       0.50      0.710
     0.40       0.60      0.685
     0.40       0.70      0.630
     0.40       0.80      0.620
     0.50       0.20      0.595
     0.50       0.30      0.700
     0.50       0.40      0.710
     0.50       0.50      0.725
     0.50       0.60      0.700
     0.50       0.70      0.645
     0.50       0.80      0.635
     0.60       0.20      0.605
     0.60       0.30      0.715
     0.60       0.40      0.725
     0.60       0.50      0.740
     0.60       0.60      0.715
     0.60       0.70      0.660
     0.60       0.80      0.650
     0.70       0.20      0.595
     0.70       0.30      0.700
     0.70       0.40      0.720
     0.70       0.50      0.730
     0.70       0.60      0.705
     0.70       0.70      0.650
     0.70       0.80      0.640
     0.80       0.20      0.565
     0.80       0.30      0.675
     0.80       0.40      0.700
     0.80       0.50      0.705
     0.80       0.60      0.685
     0.80       0.70      0.630
     0.80       0.80      0.620

Best: fall_threshold=0.60, heart_threshold=0.50 -> accuracy=0.740

Confusion matrix at best thresholds (rows = true, cols = predicted):
                                Normal  Possible Fal   Heart Alert  Combined Eme
  true=Normal                          40             3             7             0
  true=Possible Fall                    1            44             0             5
  true=Heart Alert                     13             1            35             1
  true=Combined Emergency               0            20             1            29

Update src/config.py: DEFAULT_FALL_THRESHOLD = 0.60, DEFAULT_HEART_THRESHOLD = 0.50
